0.46666667 0.2503771 1 0
0.61 0.20060332 1 0
0.7088889 0.13273002 1 0
0.29666665 0.22171946 2 0
0.12111111 0.32579187 2 0
0.24333334 0.40422323 2 0
0.58444446 0.32579187 2 3
0.7722222 0.36048266 2 3
0.78444445 0.25188538 2 3
0.51555556 0.075414784 2 3
0.40222222 0.40422323 2 3
0.35333332 0.16440423 2 3
0.19111112 0.1040724 2 3
0.13444445 0.15233786 2 3
0.5888889 0.47662142 2 2
0.5388889 0.42533937 2 2
0.47555557 0.3167421 2 2
0.63222224 0.15233786 2 1
0.8922222 0.119155355 2 1
0.25 0.30165914 2 1
0.023333333 0.27300152 2 1
0.06111111 0.07993967 2 1
0.37666667 0.1040724 2 1
0.24666667 0.22624435 2 1
0.17777778 0.42232278 2 1
0.7111111 0.4509804 2 0
0.69777775 0.36953244 2 0
0.6911111 0.26998493 2 0
0.69666666 0.21266969 2 0
0.74777776 0.18853696 2 0
0.8322222 0.13423832 2 0
